86 106 103 105 89 104 102 84 90 87 103 89 105 
-0.420874 0.000000 0.000000 -1.000000 
-0.422633 -0.001758 0.000000 -1.000000 
-0.426137 -0.003504 0.000000 -1.000000 
-0.431361 -0.005225 0.000000 -1.000000 
-0.438269 -0.006908 0.000000 -1.000000 
-0.446809 -0.008541 0.000000 -1.000000 
-0.456921 -0.010111 0.000000 -1.000000 
-0.468529 -0.011608 0.000000 -1.000000 
-0.481548 -0.013019 0.000000 -1.000000 
-0.495882 -0.014334 0.000000 -1.000000 
-0.511424 -0.015542 0.000000 -1.000000 
-0.528057 -0.016633 0.000000 -1.000000 
-0.545656 -0.017599 0.000000 -1.000000 
-0.564090 -0.018434 0.000000 -1.000000 
-0.583221 -0.019131 0.000000 -1.000000 
-0.602908 -0.019686 0.000000 -1.000000 
-0.623005 -0.020097 0.000000 -1.000000 
-0.643367 -0.020363 0.000000 -1.000000 
-0.663851 -0.020484 0.000000 -1.000000 
-0.684313 -0.020462 0.000000 -1.000000 
-0.704616 -0.020303 0.000000 -1.000000 
-0.724628 -0.020011 0.000000 -1.000000 
-0.744221 -0.019593 0.000000 -1.000000 
-0.763278 -0.019057 0.000000 -1.000000 
-0.781688 -0.018410 0.000000 -1.000000 
-0.799350 -0.017662 0.000000 -1.000000 
-0.816172 -0.016822 0.000000 -1.000000 
-0.832071 -0.015899 0.000000 -1.000000 
-0.846973 -0.014902 0.000000 -1.000000 
-0.860812 -0.013839 0.000000 -1.000000 
-0.873532 -0.012720 0.000000 -1.000000 
-0.885084 -0.011552 0.000000 -1.000000 
-0.895425 -0.010342 0.000000 -1.000000 
-0.904522 -0.009096 0.000000 -1.000000 
-0.912344 -0.007822 0.000000 -1.000000 
-0.918867 -0.006524 0.000000 -1.000000 
-0.924074 -0.005207 0.000000 -1.000000 
-0.927949 -0.003875 0.000000 -1.000000 
-0.930483 -0.002534 2.000000 -1.000000 
-0.929668 0.000815 2.000000 -1.000000 
-0.925507 0.004161 2.000000 -1.000000 
-0.918010 0.007496 2.000000 -1.000000 
-0.907200 0.010811 2.000000 -1.000000 
-0.893106 0.014094 2.000000 -1.000000 
-0.875775 0.017331 2.000000 -1.000000 
-0.855267 0.020508 2.000000 -1.000000 
-0.831662 0.023605 2.000000 -1.000000 
-0.805062 0.026600 2.000000 -1.000000 
-0.775593 0.029469 2.000000 -1.000000 
-0.743409 0.032184 2.000000 -1.000000 
-0.708694 0.034716 2.000000 -1.000000 
-0.671660 0.037034 2.000000 -1.000000 
-0.632552 0.039108 2.000000 -1.000000 
-0.591642 0.040911 2.000000 -1.000000 
-0.549224 0.042417 2.000000 -1.000000 
-0.505615 0.043609 2.000000 -1.000000 
-0.461140 0.044475 2.000000 -1.000000 
-0.416132 0.045009 2.000000 -1.000000 
-0.370915 0.045217 2.000000 -1.000000 
-0.325804 0.045111 2.000000 -1.000000 
-0.281090 0.044713 2.000000 -1.000000 
-0.237040 0.044051 2.000000 -1.000000 
-0.193883 0.043157 2.000000 -1.000000 
-0.151815 0.042068 2.000000 -1.000000 
-0.110992 0.040823 2.000000 -1.000000 
-0.071533 0.039460 2.000000 -1.000000 
-0.033515 0.038017 2.000000 -1.000000 
0.003015 0.036530 2.000000 -1.000000 
0.038045 0.035030 2.000000 -1.000000 
0.071591 0.033546 2.000000 -1.000000 
0.103695 0.032104 2.000000 -1.000000 
0.134418 0.030724 2.000000 -1.000000 
0.163843 0.029424 2.000000 -1.000000 
0.192063 0.028220 2.000000 -1.000000 
0.219187 0.027124 2.000000 -1.000000 
0.245332 0.026145 2.000000 -1.000000 
0.270624 0.025292 2.000000 -1.000000 
0.295196 0.024572 2.000000 -1.000000 
0.319185 0.023990 2.000000 -1.000000 
0.342736 0.023551 2.000000 -1.000000 
0.365997 0.023260 2.000000 -1.000000 
0.389118 0.023122 2.000000 -1.000000 
0.412258 0.023140 2.000000 -1.000000 
0.435579 0.023321 2.000000 -1.000000 
0.459247 0.023668 2.000000 -1.000000 
0.483435 0.024188 2.000000 -1.000000 
-0.595593 0.000000 2.000000 -1.000000 
-0.594058 0.001536 2.000000 -1.000000 
-0.590997 0.003060 2.000000 -1.000000 
-0.586435 0.004562 2.000000 -1.000000 
-0.580404 0.006031 2.000000 -1.000000 
-0.572949 0.007455 2.000000 -1.000000 
-0.564126 0.008824 2.000000 -1.000000 
-0.553999 0.010127 2.000000 -1.000000 
-0.542645 0.011354 2.000000 -1.000000 
-0.530147 0.012497 2.000000 -1.000000 
-0.516601 0.013546 2.000000 -1.000000 
-0.502107 0.014494 2.000000 -1.000000 
-0.486774 0.015333 2.000000 -1.000000 
-0.470717 0.016057 2.000000 -1.000000 
-0.454055 0.016662 2.000000 -1.000000 
-0.436910 0.017144 2.000000 -1.000000 
-0.419409 0.017502 2.000000 -1.000000 
-0.401676 0.017733 2.000000 -1.000000 
-0.383837 0.017839 2.000000 -1.000000 
-0.366017 0.017821 1.000000 -1.000000 
-0.349334 0.016683 1.000000 -1.000000 
-0.333900 0.015434 0.000000 -1.000000 
-0.320813 0.013087 0.000000 -1.000000 
-0.310154 0.010658 0.000000 -1.000000 
-0.301990 0.008165 0.000000 -1.000000 
-0.296367 0.005622 0.000000 -1.000000 
-0.293320 0.003047 0.000000 -1.000000 
-0.292866 0.000454 0.000000 -1.000000 
-0.295008 -0.002141 0.000000 -1.000000 
-0.299732 -0.004725 0.000000 -1.000000 
-0.307013 -0.007280 0.000000 -1.000000 
-0.316805 -0.009793 0.000000 -1.000000 
-0.329051 -0.012246 0.000000 -1.000000 
-0.343675 -0.014624 0.000000 -1.000000 
-0.360584 -0.016909 0.000000 -1.000000 
-0.379667 -0.019083 0.000000 -1.000000 
-0.400796 -0.021129 0.000000 -1.000000 
-0.423826 -0.023030 0.000000 -1.000000 
-0.448593 -0.024767 0.000000 -1.000000 
-0.474917 -0.026325 0.000000 -1.000000 
-0.502606 -0.027688 0.000000 -1.000000 
-0.531452 -0.028846 0.000000 -1.000000 
-0.561238 -0.029787 0.000000 -1.000000 
-0.591744 -0.030505 0.000000 -1.000000 
-0.622741 -0.030998 0.000000 -1.000000 
-0.654006 -0.031265 0.000000 -1.000000 
-0.685318 -0.031312 0.000000 -1.000000 
-0.716464 -0.031146 0.000000 -1.000000 
-0.747243 -0.030779 0.000000 -1.000000 
-0.777467 -0.030224 0.000000 -1.000000 
-0.806966 -0.029499 0.000000 -1.000000 
-0.835587 -0.028621 0.000000 -1.000000 
-0.863195 -0.027608 0.000000 -1.000000 
-0.889674 -0.026479 0.000000 -1.000000 
-0.914928 -0.025253 0.000000 -1.000000 
-0.938875 -0.023947 0.000000 -1.000000 
-0.961453 -0.022578 0.000000 -1.000000 
-0.982614 -0.021161 0.000000 -1.000000 
-1.002321 -0.019707 0.000000 -1.000000 
-1.020551 -0.018230 0.000000 -1.000000 
-1.037289 -0.016738 0.000000 -1.000000 
-1.052528 -0.015239 0.000000 -1.000000 
-1.066268 -0.013739 2.000000 -1.000000 
-1.076511 -0.010243 2.000000 -1.000000 
-1.083264 -0.006753 1.000000 -1.000000 
-1.087532 -0.004268 2.000000 -1.000000 
-1.088318 -0.000786 2.000000 -1.000000 
-1.085623 0.002695 2.000000 -1.000000 
-1.079445 0.006178 2.000000 -1.000000 
-1.069778 0.009667 2.000000 -1.000000 
-1.056617 0.013161 2.000000 -1.000000 
-1.039957 0.016660 2.000000 -1.000000 
-1.019798 0.020159 2.000000 -1.000000 
-0.996147 0.023651 2.000000 -1.000000 
-0.969025 0.027122 2.000000 -1.000000 
-0.938472 0.030553 2.000000 -1.000000 
-0.904551 0.033921 2.000000 -1.000000 
-0.867355 0.037196 2.000000 -1.000000 
-0.827014 0.040341 2.000000 -1.000000 
-0.783699 0.043315 2.000000 -1.000000 
-0.737625 0.046074 2.000000 -1.000000 
-0.689055 0.048571 2.000000 -1.000000 
-0.638293 0.050761 2.000000 -1.000000 
-0.585688 0.052605 2.000000 -1.000000 
-0.531621 0.054068 2.000000 -1.000000 
-0.476493 0.055128 2.000000 -1.000000 
-0.420717 0.055776 2.000000 -1.000000 
-0.364700 0.056016 2.000000 -1.000000 
-0.308831 0.055869 2.000000 -1.000000 
-0.253464 0.055368 2.000000 -1.000000 
-0.198907 0.054556 2.000000 -1.000000 
-0.145419 0.053488 2.000000 -1.000000 
-0.093197 0.052222 2.000000 -1.000000 
-0.042377 0.050820 2.000000 -1.000000 
0.006963 0.049340 2.000000 -1.000000 
0.054803 0.047840 2.000000 -1.000000 
0.101177 0.046374 2.000000 -1.000000 
0.146165 0.044988 2.000000 -1.000000 
0.189890 0.043725 2.000000 -1.000000 
0.232509 0.042620 2.000000 -1.000000 
0.274213 0.041703 2.000000 -1.000000 
0.315216 0.041003 2.000000 -1.000000 
0.355755 0.040540 2.000000 -1.000000 
0.396089 0.040333 2.000000 -1.000000 
0.436489 0.040400 2.000000 -1.000000 
0.477243 0.040754 2.000000 -1.000000 
-0.485897 0.000000 2.000000 -1.000000 
-0.485179 0.000718 2.000000 -1.000000 
-0.483749 0.001430 2.000000 -1.000000 
-0.481617 0.002132 2.000000 -1.000000 
-0.478799 0.002818 2.000000 -1.000000 
-0.475316 0.003483 2.000000 -1.000000 
-0.471193 0.004122 2.000000 -1.000000 
-0.466462 0.004731 2.000000 -1.000000 
-0.461158 0.005304 2.000000 -1.000000 
-0.455319 0.005839 2.000000 -1.000000 
-0.448989 0.006330 2.000000 -1.000000 
-0.442213 0.006775 2.000000 -1.000000 
-0.435042 0.007171 2.000000 -1.000000 
-0.427528 0.007515 2.000000 -1.000000 
-0.419723 0.007804 2.000000 -1.000000 
-0.411686 0.008038 2.000000 -1.000000 
-0.403472 0.008214 0.000000 -1.000000 
-0.397140 0.006332 0.000000 -1.000000 
-0.392733 0.004406 0.000000 -1.000000 
-0.390283 0.002450 0.000000 -1.000000 
-0.389807 0.000477 0.000000 -1.000000 
-0.391307 -0.001500 0.000000 -1.000000 
-0.394773 -0.003466 0.000000 -1.000000 
-0.400182 -0.005409 0.000000 -1.000000 
-0.407495 -0.007313 0.000000 -1.000000 
-0.416662 -0.009167 0.000000 -1.000000 
-0.427617 -0.010955 0.000000 -1.000000 
-0.440282 -0.012665 0.000000 -1.000000 
-0.454566 -0.014283 0.000000 -1.000000 
-0.470363 -0.015797 0.000000 -1.000000 
-0.487558 -0.017195 0.000000 -1.000000 
-0.506023 -0.018465 0.000000 -1.000000 
-0.525619 -0.019597 0.000000 -1.000000 
-0.546201 -0.020581 0.000000 -1.000000 
-0.567613 -0.021412 0.000000 -1.000000 
-0.589696 -0.022083 0.000000 -1.000000 
-0.612286 -0.022590 0.000000 -1.000000 
-0.635219 -0.022933 0.000000 -1.000000 
-0.658330 -0.023111 0.000000 -1.000000 
-0.681459 -0.023128 0.000000 -1.000000 
-0.704447 -0.022988 0.000000 -1.000000 
-0.727144 -0.022697 0.000000 -1.000000 
-0.749408 -0.022264 0.000000 -1.000000 
-0.771105 -0.021697 0.000000 -1.000000 
-0.792111 -0.021006 0.000000 -1.000000 
-0.812315 -0.020203 0.000000 -1.000000 
-0.831613 -0.019299 0.000000 -1.000000 
-0.849917 -0.018304 0.000000 -1.000000 
-0.867146 -0.017229 0.000000 -1.000000 
-0.883231 -0.016085 0.000000 -1.000000 
-0.898112 -0.014881 0.000000 -1.000000 
-0.911740 -0.013627 0.000000 -1.000000 
-0.924070 -0.012331 0.000000 -1.000000 
-0.935070 -0.010999 0.000000 -1.000000 
-0.944709 -0.009640 0.000000 -1.000000 
-0.952966 -0.008257 0.000000 -1.000000 
-0.959822 -0.006856 2.000000 -1.000000 
-0.963264 -0.003441 2.000000 -1.000000 
-0.963284 -0.000020 2.000000 -1.000000 
-0.959883 0.003401 2.000000 -1.000000 
-0.953067 0.006816 2.000000 -1.000000 
-0.942850 0.010217 2.000000 -1.000000 
-0.929255 0.013595 2.000000 -1.000000 
-0.912315 0.016940 2.000000 -1.000000 
-0.892077 0.020238 2.000000 -1.000000 
-0.868604 0.023473 2.000000 -1.000000 
-0.841982 0.026622 2.000000 -1.000000 
-0.812319 0.029663 2.000000 -1.000000 
-0.779751 0.032568 2.000000 -1.000000 
-0.744445 0.035305 2.000000 -1.000000 
-0.706602 0.037843 2.000000 -1.000000 
-0.666454 0.040148 2.000000 -1.000000 
-0.624268 0.042187 2.000000 -1.000000 
-0.580337 0.043930 2.000000 -1.000000 
-0.534983 0.045354 2.000000 -1.000000 
-0.488544 0.046439 2.000000 -1.000000 
-0.441368 0.047177 2.000000 -1.000000 
-0.393801 0.047566 2.000000 -1.000000 
-0.346184 0.047617 2.000000 -1.000000 
-0.298836 0.047349 2.000000 -1.000000 
-0.252048 0.046788 2.000000 -1.000000 
-0.206079 0.045969 2.000000 -1.000000 
-0.161147 0.044932 2.000000 -1.000000 
-0.117429 0.043718 2.000000 -1.000000 
-0.075057 0.042372 2.000000 -1.000000 
-0.034122 0.040935 2.000000 -1.000000 
0.005325 0.039448 2.000000 -1.000000 
0.043274 0.037948 2.000000 -1.000000 
0.079743 0.036469 2.000000 -1.000000 
0.114783 0.035040 2.000000 -1.000000 
0.148471 0.033687 2.000000 -1.000000 
0.180902 0.032431 2.000000 -1.000000 
0.212192 0.031290 2.000000 -1.000000 
0.242472 0.030280 2.000000 -1.000000 
0.271885 0.029413 2.000000 -1.000000 
0.300584 0.028699 2.000000 -1.000000 
0.328733 0.028149 2.000000 -1.000000 
0.356502 0.027769 2.000000 -1.000000 
0.384070 0.027568 2.000000 -1.000000 
0.411621 0.027552 2.000000 -1.000000 
0.439349 0.027727 2.000000 -1.000000 
0.467451 0.028102 2.000000 -1.000000 
0.496134 0.028683 2.000000 -1.000000 
-0.529350 0.000000 2.000000 -1.000000 
-0.528307 0.001043 2.000000 -1.000000 
-0.526228 0.002078 2.000000 -1.000000 
-0.523130 0.003098 2.000000 -1.000000 
-0.519036 0.004095 2.000000 -1.000000 
-0.513975 0.005060 2.000000 -1.000000 
-0.507987 0.005988 2.000000 -1.000000 
-0.501116 0.006871 2.000000 -1.000000 
-0.493413 0.007703 2.000000 -1.000000 
-0.484936 0.008477 2.000000 -1.000000 
-0.475749 0.009187 2.000000 -1.000000 
-0.465919 0.009830 2.000000 -1.000000 
-0.455520 0.010399 2.000000 -1.000000 
-0.444628 0.010892 2.000000 -1.000000 
-0.433322 0.011305 2.000000 -1.000000 
-0.421686 0.011637 2.000000 -1.000000 
-0.409802 0.011884 2.000000 -1.000000 
-0.397755 0.012047 2.000000 -1.000000 
-0.385629 0.012126 0.000000 -1.000000 
-0.375509 0.010120 0.000000 -1.000000 
-0.367464 0.008046 2.000000 -1.000000 
-0.359547 0.007917 0.000000 -1.000000 
-0.353811 0.005736 0.000000 -1.000000 
-0.350294 0.003517 0.000000 -1.000000 
-0.349020 0.001275 0.000000 -1.000000 
-0.349996 -0.000976 0.000000 -1.000000 
-0.353215 -0.003220 0.000000 -1.000000 
-0.358658 -0.005443 0.000000 -1.000000 
-0.366288 -0.007630 0.000000 -1.000000 
-0.376054 -0.009766 0.000000 -1.000000 
-0.387892 -0.011837 0.000000 -1.000000 
-0.401719 -0.013827 0.000000 -1.000000 
-0.417440 -0.015721 0.000000 -1.000000 
-0.434943 -0.017504 0.000000 -1.000000 
-0.454104 -0.019161 0.000000 -1.000000 
-0.474783 -0.020678 0.000000 -1.000000 
-0.496826 -0.022043 0.000000 -1.000000 
-0.520070 -0.023244 0.000000 -1.000000 
-0.544340 -0.024270 0.000000 -1.000000 
-0.569454 -0.025115 0.000000 -1.000000 
-0.595226 -0.025772 0.000000 -1.000000 
-0.621465 -0.026239 0.000000 -1.000000 
-0.647981 -0.026515 0.000000 -1.000000 
-0.674584 -0.026604 0.000000 -1.000000 
-0.701094 -0.026510 0.000000 -1.000000 
-0.727335 -0.026241 0.000000 -1.000000 
-0.753141 -0.025806 0.000000 -1.000000 
-0.778358 -0.025217 0.000000 -1.000000 
-0.802846 -0.024487 0.000000 -1.000000 
-0.826475 -0.023629 0.000000 -1.000000 
-0.849133 -0.022658 0.000000 -1.000000 
-0.870719 -0.021586 0.000000 -1.000000 
-0.891148 -0.020429 0.000000 -1.000000 
-0.910346 -0.019198 0.000000 -1.000000 
-0.928251 -0.017905 0.000000 -1.000000 
-0.944814 -0.016563 0.000000 -1.000000 
-0.959994 -0.015180 0.000000 -1.000000 
-0.973758 -0.013765 0.000000 -1.000000 
-0.986084 -0.012325 0.000000 -1.000000 
-0.996951 -0.010867 0.000000 -1.000000 
-1.006347 -0.009396 2.000000 -1.000000 
-1.012261 -0.005914 2.000000 -1.000000 
-1.014689 -0.002428 2.000000 -1.000000 
-1.013629 0.001060 2.000000 -1.000000 
-1.009081 0.004547 2.000000 -1.000000 
-1.001050 0.008031 2.000000 -1.000000 
-0.989543 0.011507 2.000000 -1.000000 
-0.974573 0.014970 2.000000 -1.000000 
-0.956162 0.018411 2.000000 -1.000000 
-0.934344 0.021818 2.000000 -1.000000 
-0.909168 0.025176 2.000000 -1.000000 
-0.880703 0.028465 2.000000 -1.000000 
-0.849044 0.031659 2.000000 -1.000000 
-0.814313 0.034731 2.000000 -1.000000 
-0.776668 0.037645 2.000000 -1.000000 
-0.736302 0.040366 2.000000 -1.000000 
-0.693448 0.042855 2.000000 -1.000000 
-0.648373 0.045074 2.000000 -1.000000 
-0.601385 0.046989 2.000000 -1.000000 
-0.552818 0.048567 2.000000 -1.000000 
-0.503033 0.049785 2.000000 -1.000000 
-0.452401 0.050631 2.000000 -1.000000 
-0.401300 0.051101 2.000000 -1.000000 
-0.350095 0.051205 2.000000 -1.000000 
-0.299134 0.050961 2.000000 -1.000000 
-0.248732 0.050402 2.000000 -1.000000 
-0.199165 0.049566 2.000000 -1.000000 
-0.150666 0.048500 2.000000 -1.000000 
-0.103415 0.047251 2.000000 -1.000000 
-0.057545 0.045870 2.000000 -1.000000 
-0.013138 0.044407 2.000000 -1.000000 
0.029771 0.042909 2.000000 -1.000000 
0.071191 0.041419 2.000000 -1.000000 
0.111167 0.039976 2.000000 -1.000000 
0.149780 0.038614 2.000000 -1.000000 
0.187142 0.037362 2.000000 -1.000000 
0.223388 0.036246 2.000000 -1.000000 
0.258674 0.035286 2.000000 -1.000000 
0.293176 0.034502 2.000000 -1.000000 
0.327084 0.033908 2.000000 -1.000000 
0.360602 0.033518 2.000000 -1.000000 
0.393946 0.033344 2.000000 -1.000000 
0.427342 0.033396 2.000000 -1.000000 
0.461026 0.033684 2.000000 -1.000000 
0.495243 0.034217 2.000000 -1.000000 
-0.442492 0.000000 0.000000 -1.000000 
-0.444094 -0.001602 0.000000 -1.000000 
-0.447287 -0.003193 0.000000 -1.000000 
-0.452047 -0.004760 0.000000 -1.000000 
-0.458340 -0.006293 0.000000 -1.000000 
-0.466119 -0.007779 0.000000 -1.000000 
-0.475327 -0.009208 0.000000 -1.000000 
-0.485896 -0.010569 0.000000 -1.000000 
-0.497747 -0.011851 0.000000 -1.000000 
-0.510792 -0.013045 0.000000 -1.000000 
-0.524933 -0.014141 0.000000 -1.000000 
-0.540064 -0.015131 0.000000 -1.000000 
-0.556071 -0.016007 0.000000 -1.000000 
-0.572835 -0.016764 0.000000 -1.000000 
-0.590231 -0.017396 0.000000 -1.000000 
-0.608131 -0.017900 0.000000 -1.000000 
-0.626404 -0.018273 0.000000 -1.000000 
-0.644918 -0.018514 0.000000 -1.000000 
-0.663541 -0.018624 0.000000 -1.000000 
-0.682146 -0.018605 0.000000 -1.000000 
-0.700606 -0.018460 0.000000 -1.000000 
-0.718800 -0.018194 0.000000 -1.000000 
-0.736612 -0.017812 0.000000 -1.000000 
-0.753934 -0.017321 0.000000 -1.000000 
-0.770661 -0.016728 0.000000 -1.000000 
-0.786701 -0.016040 0.000000 -1.000000 
-0.801967 -0.015265 0.000000 -1.000000 
-0.816379 -0.014412 0.000000 -1.000000 
-0.829866 -0.013488 0.000000 -1.000000 
-0.842367 -0.012500 0.000000 -1.000000 
-0.853825 -0.011458 0.000000 -1.000000 
-0.864191 -0.010367 0.000000 -1.000000 
-0.873426 -0.009234 0.000000 -1.000000 
-0.881492 -0.008066 0.000000 -1.000000 
-0.888361 -0.006869 0.000000 -1.000000 
-0.894008 -0.005647 0.000000 -1.000000 
-0.898415 -0.004407 2.000000 -1.000000 
-0.899567 -0.001152 2.000000 -1.000000 
-0.897460 0.002107 2.000000 -1.000000 
-0.892101 0.005359 2.000000 -1.000000 
-0.883508 0.008593 2.000000 -1.000000 
-0.871710 0.011798 2.000000 -1.000000 
-0.856750 0.014959 2.000000 -1.000000 
-0.838688 0.018062 2.000000 -1.000000 
-0.817599 0.021089 2.000000 -1.000000 
-0.793580 0.024019 2.000000 -1.000000 
-0.766751 0.026830 2.000000 -1.000000 
-0.737255 0.029496 2.000000 -1.000000 
-0.705265 0.031991 2.000000 -1.000000 
-0.670978 0.034287 2.000000 -1.000000 
-0.634622 0.036356 2.000000 -1.000000 
-0.596448 0.038174 2.000000 -1.000000 
-0.556732 0.039716 2.000000 -1.000000 
-0.515768 0.040964 2.000000 -1.000000 
-0.473863 0.041905 2.000000 -1.000000 
-0.431330 0.042533 2.000000 -1.000000 
-0.388480 0.042850 2.000000 -1.000000 
-0.345615 0.042864 2.000000 -1.000000 
-0.303023 0.042592 2.000000 -1.000000 
-0.260967 0.042056 2.000000 -1.000000 
-0.219684 0.041284 2.000000 -1.000000 
-0.179376 0.040307 2.000000 -1.000000 
-0.140216 0.039161 2.000000 -1.000000 
-0.102337 0.037878 2.000000 -1.000000 
-0.065842 0.036495 2.000000 -1.000000 
-0.030798 0.035044 2.000000 -1.000000 
0.002757 0.033555 2.000000 -1.000000 
0.034812 0.032055 2.000000 -1.000000 
0.065380 0.030568 2.000000 -1.000000 
0.094496 0.029116 2.000000 -1.000000 
0.122212 0.027716 2.000000 -1.000000 
0.148595 0.026382 2.000000 -1.000000 
0.173721 0.025127 2.000000 -1.000000 
0.197680 0.023958 2.000000 -1.000000 
0.220565 0.022885 2.000000 -1.000000 
0.242478 0.021913 2.000000 -1.000000 
0.263524 0.021046 2.000000 -1.000000 
0.283811 0.020287 2.000000 -1.000000 
0.303451 0.019640 2.000000 -1.000000 
0.322557 0.019106 2.000000 -1.000000 
0.341245 0.018688 2.000000 -1.000000 
0.359633 0.018388 2.000000 -1.000000 
0.377840 0.018207 2.000000 -1.000000 
0.395988 0.018148 2.000000 -1.000000 
0.414203 0.018214 2.000000 -1.000000 
0.432611 0.018409 2.000000 -1.000000 
0.451346 0.018735 2.000000 -1.000000 
0.470543 0.019197 2.000000 -1.000000 
0.490343 0.019801 2.000000 -1.000000 
-0.519636 0.000000 2.000000 -1.000000 
-0.518666 0.000970 2.000000 -1.000000 
-0.516732 0.001933 2.000000 -1.000000 
-0.513850 0.002882 2.000000 -1.000000 
-0.510042 0.003809 2.000000 -1.000000 
-0.505335 0.004707 2.000000 -1.000000 
-0.499765 0.005570 2.000000 -1.000000 
-0.493373 0.006392 2.000000 -1.000000 
-0.486208 0.007165 2.000000 -1.000000 
-0.478323 0.007885 2.000000 -1.000000 
-0.469776 0.008547 2.000000 -1.000000 
-0.460631 0.009145 2.000000 -1.000000 
-0.450956 0.009675 2.000000 -1.000000 
-0.440821 0.010135 2.000000 -1.000000 
-0.430300 0.010520 2.000000 -1.000000 
-0.419471 0.010830 2.000000 -1.000000 
-0.408409 0.011061 0.000000 -1.000000 
-0.399195 0.009215 0.000000 -1.000000 
-0.391892 0.007303 0.000000 -1.000000 
-0.386551 0.005341 0.000000 -1.000000 
-0.383209 0.003342 0.000000 -1.000000 
-0.381890 0.001320 0.000000 -1.000000 
-0.382601 -0.000712 0.000000 -1.000000 
-0.385339 -0.002738 0.000000 -1.000000 
-0.390084 -0.004745 0.000000 -1.000000 
-0.396804 -0.006720 0.000000 -1.000000 
-0.405452 -0.008648 0.000000 -1.000000 
-0.415968 -0.010516 0.000000 -1.000000 
-0.428277 -0.012309 0.000000 -1.000000 
-0.442292 -0.014014 0.000000 -1.000000 
-0.457910 -0.015618 0.000000 -1.000000 
-0.475017 -0.017108 0.000000 -1.000000 
-0.493488 -0.018471 0.000000 -1.000000 
-0.513184 -0.019696 0.000000 -1.000000 
-0.533959 -0.020774 0.000000 -1.000000 
-0.555655 -0.021697 0.000000 -1.000000 
-0.578112 -0.022457 0.000000 -1.000000 
-0.601161 -0.023050 0.000000 -1.000000 
-0.624634 -0.023473 0.000000 -1.000000 
-0.648361 -0.023727 0.000000 -1.000000 
-0.672174 -0.023813 0.000000 -1.000000 
-0.695909 -0.023735 0.000000 -1.000000 
-0.719409 -0.023499 0.000000 -1.000000 
-0.742523 -0.023114 0.000000 -1.000000 
-0.765110 -0.022588 0.000000 -1.000000 
-0.787041 -0.021931 0.000000 -1.000000 
-0.808195 -0.021154 0.000000 -1.000000 
-0.828464 -0.020270 0.000000 -1.000000 
-0.847753 -0.019289 0.000000 -1.000000 
-0.865977 -0.018223 0.000000 -1.000000 
-0.883060 -0.017084 0.000000 -1.000000 
-0.898941 -0.015881 0.000000 -1.000000 
-0.913565 -0.014624 0.000000 -1.000000 
-0.926887 -0.013322 0.000000 -1.000000 
-0.938870 -0.011983 0.000000 -1.000000 
-0.949484 -0.010614 0.000000 -1.000000 
-0.958705 -0.009221 0.000000 -1.000000 
-0.966513 -0.007808 1.000000 -1.000000 
-0.971894 -0.005381 2.000000 -1.000000 
-0.973839 -0.001945 2.000000 -1.000000 
-0.972344 0.001495 2.000000 -1.000000 
-0.967412 0.004932 2.000000 -1.000000 
-0.959051 0.008361 2.000000 -1.000000 
-0.947276 0.011774 2.000000 -1.000000 
-0.932114 0.015163 2.000000 -1.000000 
-0.913599 0.018515 2.000000 -1.000000 
-0.891782 0.021817 2.000000 -1.000000 
-0.866732 0.025050 2.000000 -1.000000 
-0.838539 0.028193 2.000000 -1.000000 
-0.807321 0.031219 2.000000 -1.000000 
-0.773222 0.034099 2.000000 -1.000000 
-0.736421 0.036801 2.000000 -1.000000 
-0.697131 0.039291 2.000000 -1.000000 
-0.655597 0.041534 2.000000 -1.000000 
-0.612098 0.043498 2.000000 -1.000000 
-0.566944 0.045154 2.000000 -1.000000 
-0.520465 0.046479 2.000000 -1.000000 
-0.473010 0.047455 2.000000 -1.000000 
-0.424933 0.048077 2.000000 -1.000000 
-0.376585 0.048348 2.000000 -1.000000 
-0.328304 0.048281 2.000000 -1.000000 
-0.280406 0.047898 2.000000 -1.000000 
-0.233174 0.047232 2.000000 -1.000000 
-0.186855 0.046319 2.000000 -1.000000 
-0.141653 0.045202 2.000000 -1.000000 
-0.097729 0.043924 2.000000 -1.000000 
-0.055199 0.042531 2.000000 -1.000000 
-0.014134 0.041065 2.000000 -1.000000 
0.025433 0.039567 2.000000 -1.000000 
0.063508 0.038074 2.000000 -1.000000 
0.100128 0.036620 2.000000 -1.000000 
0.135359 0.035232 2.000000 -1.000000 
0.169294 0.033935 2.000000 -1.000000 
0.202045 0.032750 2.000000 -1.000000 
0.233741 0.031696 2.000000 -1.000000 
0.264526 0.030786 2.000000 -1.000000 
0.294559 0.030032 2.000000 -1.000000 
0.324005 0.029447 2.000000 -1.000000 
0.353043 0.029038 2.000000 -1.000000 
0.381856 0.028814 2.000000 -1.000000 
0.410639 0.028782 2.000000 -1.000000 
0.439590 0.028951 2.000000 -1.000000 
0.468917 0.029328 2.000000 -1.000000 
0.498837 0.029919 2.000000 -1.000000 
-0.476955 0.000000 2.000000 -1.000000 
-0.476304 0.000651 2.000000 -1.000000 
-0.475006 0.001298 2.000000 -1.000000 
-0.473071 0.001935 2.000000 -1.000000 
-0.470514 0.002557 2.000000 -1.000000 
-0.467354 0.003161 2.000000 -1.000000 
-0.463613 0.003741 2.000000 -1.000000 
-0.459319 0.004293 2.000000 -1.000000 
-0.454505 0.004814 2.000000 -1.000000 
-0.449205 0.005300 2.000000 -1.000000 
-0.443459 0.005746 0.000000 -1.000000 
-0.439308 0.004151 2.000000 -1.000000 
-0.434782 0.004526 2.000000 -1.000000 
-0.429915 0.004867 0.000000 -1.000000 
-0.426741 0.003174 0.000000 -1.000000 
-0.425283 0.001458 0.000000 -1.000000 
-0.425552 -0.000269 0.000000 -1.000000 
-0.427546 -0.001994 0.000000 -1.000000 
-0.431250 -0.003704 0.000000 -1.000000 
-0.436638 -0.005388 0.000000 -1.000000 
-0.443671 -0.007033 0.000000 -1.000000 
-0.452298 -0.008627 0.000000 -1.000000 
-0.462455 -0.010157 0.000000 -1.000000 
-0.474068 -0.011613 0.000000 -1.000000 
-0.487052 -0.012983 0.000000 -1.000000 
-0.501309 -0.014257 0.000000 -1.000000 
-0.516733 -0.015424 0.000000 -1.000000 
-0.533208 -0.016476 0.000000 -1.000000 
-0.550612 -0.017403 0.000000 -1.000000 
-0.568813 -0.018201 0.000000 -1.000000 
-0.587676 -0.018863 0.000000 -1.000000 
-0.607061 -0.019385 0.000000 -1.000000 
-0.626827 -0.019766 0.000000 -1.000000 
-0.646831 -0.020004 0.000000 -1.000000 
-0.666932 -0.020101 0.000000 -1.000000 
-0.686990 -0.020059 0.000000 -1.000000 
-0.706872 -0.019882 0.000000 -1.000000 
-0.726447 -0.019575 0.000000 -1.000000 
-0.745593 -0.019146 0.000000 -1.000000 
-0.764195 -0.018601 0.000000 -1.000000 
-0.782144 -0.017950 0.000000 -1.000000 
-0.799344 -0.017199 0.000000 -1.000000 
-0.815703 -0.016359 0.000000 -1.000000 
-0.831141 -0.015438 0.000000 -1.000000 
-0.845586 -0.014445 0.000000 -1.000000 
-0.858975 -0.013389 0.000000 -1.000000 
-0.871252 -0.012277 0.000000 -1.000000 
-0.882369 -0.011117 0.000000 -1.000000 
-0.892285 -0.009916 0.000000 -1.000000 
-0.900967 -0.008682 0.000000 -1.000000 
-0.908385 -0.007418 0.000000 -1.000000 
-0.914517 -0.006132 0.000000 -1.000000 
-0.919345 -0.004827 2.000000 -1.000000 
-0.920854 -0.001509 2.000000 -1.000000 
-0.919040 0.001813 2.000000 -1.000000 
-0.913909 0.005131 2.000000 -1.000000 
-0.905476 0.008434 2.000000 -1.000000 
-0.893764 0.011711 2.000000 -1.000000 
-0.878813 0.014951 2.000000 -1.000000 
-0.860675 0.018139 2.000000 -1.000000 
-0.839417 0.021257 2.000000 -1.000000 
-0.815130 0.024287 2.000000 -1.000000 
-0.787925 0.027205 2.000000 -1.000000 
-0.757938 0.029987 2.000000 -1.000000 
-0.725335 0.032603 2.000000 -1.000000 
-0.690310 0.035025 2.000000 -1.000000 
-0.653086 0.037224 2.000000 -1.000000 
-0.613915 0.039171 2.000000 -1.000000 
-0.573075 0.040840 2.000000 -1.000000 
-0.530865 0.042210 2.000000 -1.000000 
-0.487601 0.043264 2.000000 -1.000000 
-0.443606 0.043995 2.000000 -1.000000 
-0.399205 0.044401 2.000000 -1.000000 
-0.354716 0.044489 2.000000 -1.000000 
-0.310440 0.044276 2.000000 -1.000000 
-0.266656 0.043784 2.000000 -1.000000 
-0.223614 0.043042 2.000000 -1.000000 
-0.181530 0.042084 2.000000 -1.000000 
-0.140584 0.040946 2.000000 -1.000000 
-0.100919 0.039665 2.000000 -1.000000 
-0.062641 0.038278 2.000000 -1.000000 
-0.025818 0.036822 2.000000 -1.000000 
0.009512 0.035330 2.000000 -1.000000 
0.043343 0.033831 2.000000 -1.000000 
0.075695 0.032352 2.000000 -1.000000 
0.106611 0.030916 2.000000 -1.000000 
0.136154 0.029543 2.000000 -1.000000 
0.164403 0.028249 2.000000 -1.000000 
0.191450 0.027047 2.000000 -1.000000 
0.217397 0.025948 2.000000 -1.000000 
0.242358 0.024961 2.000000 -1.000000 
0.266451 0.024093 2.000000 -1.000000 
0.289802 0.023350 2.000000 -1.000000 
0.312539 0.022737 2.000000 -1.000000 
0.334796 0.022258 2.000000 -1.000000 
0.356713 0.021916 2.000000 -1.000000 
0.378429 0.021716 2.000000 -1.000000 
0.400090 0.021662 2.000000 -1.000000 
0.421847 0.021756 2.000000 -1.000000 
0.443852 0.022005 2.000000 -1.000000 
0.466264 0.022413 2.000000 -1.000000 
0.489249 0.022985 2.000000 -1.000000 
-0.404441 0.000000 0.000000 -1.000000 
-0.406316 -0.001875 0.000000 -1.000000 
-0.410052 -0.003736 0.000000 -1.000000 
-0.415624 -0.005572 0.000000 -1.000000 
-0.422991 -0.007367 0.000000 -1.000000 
-0.432101 -0.009110 0.000000 -1.000000 
-0.442890 -0.010788 0.000000 -1.000000 
-0.455277 -0.012388 0.000000 -1.000000 
-0.469173 -0.013896 0.000000 -1.000000 
-0.484476 -0.015303 0.000000 -1.000000 
-0.501072 -0.016595 0.000000 -1.000000 
-0.518836 -0.017764 0.000000 -1.000000 
-0.537636 -0.018800 0.000000 -1.000000 
-0.557331 -0.019695 0.000000 -1.000000 
-0.577773 -0.020442 0.000000 -1.000000 
-0.598811 -0.021038 0.000000 -1.000000 
-0.620289 -0.021478 0.000000 -1.000000 
-0.642052 -0.021763 0.000000 -1.000000 
-0.663946 -0.021894 0.000000 -1.000000 
-0.685818 -0.021872 0.000000 -1.000000 
-0.707520 -0.021703 0.000000 -1.000000 
-0.728912 -0.021392 0.000000 -1.000000 
-0.749860 -0.020948 0.000000 -1.000000 
-0.770238 -0.020378 0.000000 -1.000000 
-0.789931 -0.019693 0.000000 -1.000000 
-0.808832 -0.018901 0.000000 -1.000000 
-0.826845 -0.018013 0.000000 -1.000000 
-0.843885 -0.017040 0.000000 -1.000000 
-0.859876 -0.015991 0.000000 -1.000000 
-0.874751 -0.014875 0.000000 -1.000000 
-0.888454 -0.013702 0.000000 -1.000000 
-0.900934 -0.012481 0.000000 -1.000000 
-0.912152 -0.011217 0.000000 -1.000000 
-0.922071 -0.009920 0.000000 -1.000000 
-0.930665 -0.008594 0.000000 -1.000000 
-0.937910 -0.007245 0.000000 -1.000000 
-0.943789 -0.005878 2.000000 -1.000000 
-0.946286 -0.002498 2.000000 -1.000000 
-0.945398 0.000889 2.000000 -1.000000 
-0.941125 0.004273 2.000000 -1.000000 
-0.933477 0.007647 2.000000 -1.000000 
-0.922474 0.011003 2.000000 -1.000000 
-0.908143 0.014330 2.000000 -1.000000 
-0.890527 0.017616 2.000000 -1.000000 
-0.869682 0.020845 2.000000 -1.000000 
-0.845684 0.023999 2.000000 -1.000000 
-0.818628 0.027056 2.000000 -1.000000 
-0.788637 0.029991 2.000000 -1.000000 
-0.755862 0.032775 2.000000 -1.000000 
-0.720482 0.035380 2.000000 -1.000000 
-0.682710 0.037772 2.000000 -1.000000 
-0.642789 0.039921 2.000000 -1.000000 
-0.600994 0.041796 2.000000 -1.000000 
-0.557623 0.043371 2.000000 -1.000000 
-0.512997 0.044626 2.000000 -1.000000 
-0.467451 0.045546 2.000000 -1.000000 
-0.421324 0.046127 2.000000 -1.000000 
-0.374952 0.046372 2.000000 -1.000000 
-0.328659 0.046294 2.000000 -1.000000 
-0.282745 0.045914 2.000000 -1.000000 
-0.237485 0.045260 2.000000 -1.000000 
-0.193116 0.044368 2.000000 -1.000000 
-0.149840 0.043276 2.000000 -1.000000 
-0.107815 0.042025 2.000000 -1.000000 
-0.067161 0.040654 2.000000 -1.000000 
-0.027956 0.039205 2.000000 -1.000000 
0.009757 0.037714 2.000000 -1.000000 
0.045972 0.036215 2.000000 -1.000000 
0.080711 0.034738 2.000000 -1.000000 
0.114022 0.033311 2.000000 -1.000000 
0.145978 0.031956 2.000000 -1.000000 
0.176671 0.030692 2.000000 -1.000000 
0.206206 0.029535 2.000000 -1.000000 
0.234704 0.028498 2.000000 -1.000000 
0.262297 0.027593 2.000000 -1.000000 
0.289125 0.026828 2.000000 -1.000000 
0.315336 0.026211 2.000000 -1.000000 
0.341084 0.025748 2.000000 -1.000000 
0.366531 0.025447 2.000000 -1.000000 
0.391844 0.025312 2.000000 -1.000000 
0.417193 0.025349 2.000000 -1.000000 
0.442758 0.025565 2.000000 -1.000000 
0.468722 0.025965 2.000000 -1.000000 
0.495277 0.026555 2.000000 -1.000000 
-0.447029 0.000000 0.000000 -1.000000 
-0.448598 -0.001569 0.000000 -1.000000 
-0.451725 -0.003127 0.000000 -1.000000 
-0.456387 -0.004662 0.000000 -1.000000 
-0.462550 -0.006163 0.000000 -1.000000 
-0.470168 -0.007618 0.000000 -1.000000 
-0.479184 -0.009017 0.000000 -1.000000 
-0.489534 -0.010349 0.000000 -1.000000 
-0.501138 -0.011604 0.000000 -1.000000 
-0.513910 -0.012772 0.000000 -1.000000 
-0.527755 -0.013845 0.000000 -1.000000 
-0.542569 -0.014814 0.000000 -1.000000 
-0.558241 -0.015672 0.000000 -1.000000 
-0.574653 -0.016412 0.000000 -1.000000 
-0.591684 -0.017031 0.000000 -1.000000 
-0.609208 -0.017524 0.000000 -1.000000 
-0.627097 -0.017889 0.000000 -1.000000 
-0.645221 -0.018125 0.000000 -1.000000 
-0.663454 -0.018233 0.000000 -1.000000 
-0.681669 -0.018215 0.000000 -1.000000 
-0.699742 -0.018073 0.000000 -1.000000 
-0.717554 -0.017812 0.000000 -1.000000 
-0.734993 -0.017439 0.000000 -1.000000 
-0.751950 -0.016957 0.000000 -1.000000 
-0.768325 -0.016375 0.000000 -1.000000 
-0.784026 -0.015700 0.000000 -1.000000 
-0.798966 -0.014940 0.000000 -1.000000 
-0.813068 -0.014102 0.000000 -1.000000 
-0.826261 -0.013194 0.000000 -1.000000 
-0.838484 -0.012223 0.000000 -1.000000 
-0.849681 -0.011197 0.000000 -1.000000 
-0.859804 -0.010123 0.000000 -1.000000 
-0.868813 -0.009008 0.000000 -1.000000 
-0.876670 -0.007858 0.000000 -1.000000 
-0.883348 -0.006678 0.000000 -1.000000 
-0.888821 -0.005474 0.000000 -1.000000 
-0.893072 -0.004251 2.000000 -1.000000 
-0.894085 -0.001013 2.000000 -1.000000 
-0.891857 0.002228 2.000000 -1.000000 
-0.886396 0.005461 2.000000 -1.000000 
-0.877720 0.008676 2.000000 -1.000000 
-0.865861 0.011860 2.000000 -1.000000 
-0.850862 0.014999 2.000000 -1.000000 
-0.832784 0.018077 2.000000 -1.000000 
-0.811706 0.021078 2.000000 -1.000000 
-0.787727 0.023980 2.000000 -1.000000 
-0.760967 0.026760 2.000000 -1.000000 
-0.731574 0.029393 2.000000 -1.000000 
-0.699720 0.031854 2.000000 -1.000000 
-0.665606 0.034114 2.000000 -1.000000 
-0.629459 0.036147 2.000000 -1.000000 
-0.591531 0.037928 2.000000 -1.000000 
-0.552098 0.039434 2.000000 -1.000000 
-0.511450 0.040647 2.000000 -1.000000 
-0.469894 0.041556 2.000000 -1.000000 
-0.427739 0.042155 2.000000 -1.000000 
-0.385293 0.042446 2.000000 -1.000000 
-0.342855 0.042438 2.000000 -1.000000 
-0.300706 0.042148 2.000000 -1.000000 
-0.259108 0.041598 2.000000 -1.000000 
-0.218292 0.040816 2.000000 -1.000000 
-0.178458 0.039834 2.000000 -1.000000 
-0.139775 0.038683 2.000000 -1.000000 
-0.102375 0.037400 2.000000 -1.000000 
-0.066358 0.036017 2.000000 -1.000000 
-0.031792 0.034566 2.000000 -1.000000 
0.001286 0.033078 2.000000 -1.000000 
0.032863 0.031578 2.000000 -1.000000 
0.062953 0.030090 2.000000 -1.000000 
0.091587 0.028634 2.000000 -1.000000 
0.118815 0.027228 2.000000 -1.000000 
0.144701 0.025885 2.000000 -1.000000 
0.169318 0.024617 2.000000 -1.000000 
0.192750 0.023433 2.000000 -1.000000 
0.215089 0.022339 2.000000 -1.000000 
0.236431 0.021342 2.000000 -1.000000 
0.256876 0.020445 2.000000 -1.000000 
0.276527 0.019651 2.000000 -1.000000 
0.295490 0.018963 2.000000 -1.000000 
0.313873 0.018383 2.000000 -1.000000 
0.331784 0.017912 2.000000 -1.000000 
0.349335 0.017551 2.000000 -1.000000 
0.366638 0.017303 2.000000 -1.000000 
0.383807 0.017169 2.000000 -1.000000 
0.400957 0.017151 2.000000 -1.000000 
0.418209 0.017251 2.000000 -1.000000 
0.435683 0.017474 2.000000 -1.000000 
0.453505 0.017822 2.000000 -1.000000 
0.471805 0.018300 2.000000 -1.000000 
0.490719 0.018914 2.000000 -1.000000 
-0.428130 0.000000 0.000000 -1.000000 
-0.429836 -0.001706 0.000000 -1.000000 
-0.433236 -0.003400 0.000000 -1.000000 
-0.438306 -0.005070 0.000000 -1.000000 
-0.445009 -0.006702 0.000000 -1.000000 
-0.453295 -0.008286 0.000000 -1.000000 
-0.463105 -0.009810 0.000000 -1.000000 
-0.474366 -0.011261 0.000000 -1.000000 
-0.486995 -0.012629 0.000000 -1.000000 
-0.500898 -0.013903 0.000000 -1.000000 
-0.515971 -0.015073 0.000000 -1.000000 
-0.532101 -0.016130 0.000000 -1.000000 
-0.549167 -0.017066 0.000000 -1.000000 
-0.567042 -0.017875 0.000000 -1.000000 
-0.585592 -0.018550 0.000000 -1.000000 
-0.604680 -0.019088 0.000000 -1.000000 
-0.624166 -0.019486 0.000000 -1.000000 
-0.643908 -0.019743 0.000000 -1.000000 
-0.663768 -0.019860 0.000000 -1.000000 
-0.683607 -0.019839 0.000000 -1.000000 
-0.703292 -0.019685 0.000000 -1.000000 
-0.722694 -0.019401 0.000000 -1.000000 
-0.741689 -0.018995 0.000000 -1.000000 
-0.760163 -0.018474 0.000000 -1.000000 
-0.778008 -0.017845 0.000000 -1.000000 
-0.795125 -0.017117 0.000000 -1.000000 
-0.811423 -0.016298 0.000000 -1.000000 
-0.826821 -0.015398 0.000000 -1.000000 
-0.841246 -0.014425 0.000000 -1.000000 
-0.854633 -0.013387 0.000000 -1.000000 
-0.866925 -0.012293 0.000000 -1.000000 
-0.878075 -0.011149 0.000000 -1.000000 
-0.888039 -0.009964 0.000000 -1.000000 
-0.896783 -0.008744 0.000000 -1.000000 
-0.904277 -0.007494 2.000000 -1.000000 
-0.908498 -0.004220 0.000000 -1.000000 
-0.911432 -0.002934 2.000000 -1.000000 
-0.911070 0.000362 2.000000 -1.000000 
-0.907414 0.003656 2.000000 -1.000000 
-0.900474 0.006939 2.000000 -1.000000 
-0.890273 0.010201 2.000000 -1.000000 
-0.876844 0.013429 2.000000 -1.000000 
-0.860234 0.016610 2.000000 -1.000000 
-0.840507 0.019727 2.000000 -1.000000 
-0.817746 0.022761 2.000000 -1.000000 
-0.792054 0.025692 2.000000 -1.000000 
-0.763559 0.028495 2.000000 -1.000000 
-0.732416 0.031143 2.000000 -1.000000 
-0.698807 0.033609 2.000000 -1.000000 
-0.662944 0.035863 2.000000 -1.000000 
-0.625066 0.037878 2.000000 -1.000000 
-0.585439 0.039627 2.000000 -1.000000 
-0.544350 0.041088 2.000000 -1.000000 
-0.502106 0.042244 2.000000 -1.000000 
-0.459024 0.043083 2.000000 -1.000000 
-0.415422 0.043602 2.000000 -1.000000 
-0.371617 0.043804 2.000000 -1.000000 
-0.327914 0.043704 2.000000 -1.000000 
-0.284595 0.043319 2.000000 -1.000000 
-0.241919 0.042676 2.000000 -1.000000 
-0.200113 0.041806 2.000000 -1.000000 
-0.159369 0.040743 2.000000 -1.000000 
-0.119846 0.039524 2.000000 -1.000000 
-0.081662 0.038183 2.000000 -1.000000 
-0.044904 0.036758 2.000000 -1.000000 
-0.009624 0.035281 2.000000 -1.000000 
0.024158 0.033782 2.000000 -1.000000 
0.056446 0.032288 2.000000 -1.000000 
0.087270 0.030824 2.000000 -1.000000 
0.116680 0.029409 2.000000 -1.000000 
0.144741 0.028061 2.000000 -1.000000 
0.171533 0.026793 2.000000 -1.000000 
0.197150 0.025617 2.000000 -1.000000 
0.221691 0.024541 2.000000 -1.000000 
0.245265 0.023574 2.000000 -1.000000 
0.267986 0.022721 2.000000 -1.000000 
0.289973 0.021986 2.000000 -1.000000 
0.311347 0.021374 2.000000 -1.000000 
0.332234 0.020888 2.000000 -1.000000 
0.352764 0.020530 2.000000 -1.000000 
0.373068 0.020304 2.000000 -1.000000 
0.393281 0.020213 2.000000 -1.000000 
0.413541 0.020260 2.000000 -1.000000 
0.433991 0.020450 2.000000 -1.000000 
0.454777 0.020786 2.000000 -1.000000 
0.476050 0.021273 2.000000 -1.000000 
0.497968 0.021918 2.000000 -1.000000 
-0.502614 0.000000 2.000000 -1.000000 
-0.501772 0.000843 2.000000 -1.000000 
-0.500092 0.001679 2.000000 -1.000000 
-0.497589 0.002503 2.000000 -1.000000 
-0.494281 0.003308 2.000000 -1.000000 
-0.490193 0.004089 2.000000 -1.000000 
-0.485354 0.004838 2.000000 -1.000000 
-0.479802 0.005552 2.000000 -1.000000 
-0.473578 0.006225 2.000000 -1.000000 
-0.466727 0.006851 2.000000 -1.000000 
-0.459300 0.007426 2.000000 -1.000000 
-0.451353 0.007947 2.000000 -1.000000 
-0.442944 0.008410 2.000000 -1.000000 
-0.434133 0.008811 2.000000 -1.000000 
-0.424985 0.009148 2.000000 -1.000000 
-0.415567 0.009419 2.000000 -1.000000 
-0.405944 0.009623 2.000000 -1.000000 
-0.396186 0.009758 0.000000 -1.000000 
-0.388360 0.007826 0.000000 -1.000000 
-0.382521 0.005839 0.000000 -1.000000 
-0.378708 0.003812 0.000000 -1.000000 
-0.376949 0.001760 0.000000 -1.000000 
-0.377254 -0.000305 0.000000 -1.000000 
-0.379622 -0.002368 0.000000 -1.000000 
-0.384036 -0.004414 0.000000 -1.000000 
-0.390467 -0.006431 0.000000 -1.000000 
-0.398870 -0.008403 0.000000 -1.000000 
-0.409186 -0.010317 0.000000 -1.000000 
-0.421344 -0.012158 0.000000 -1.000000 
-0.435257 -0.013913 0.000000 -1.000000 
-0.450825 -0.015568 0.000000 -1.000000 
-0.467934 -0.017109 0.000000 -1.000000 
-0.486459 -0.018525 0.000000 -1.000000 
-0.506262 -0.019803 0.000000 -1.000000 
-0.527195 -0.020933 0.000000 -1.000000 
-0.549101 -0.021906 0.000000 -1.000000 
-0.571815 -0.022715 0.000000 -1.000000 
-0.595170 -0.023354 0.000000 -1.000000 
-0.618991 -0.023822 0.000000 -1.000000 
-0.643107 -0.024116 0.000000 -1.000000 
-0.667346 -0.024239 0.000000 -1.000000 
-0.691540 -0.024194 0.000000 -1.000000 
-0.715527 -0.023987 0.000000 -1.000000 
-0.739152 -0.023626 0.000000 -1.000000 
-0.762271 -0.023119 0.000000 -1.000000 
-0.784750 -0.022478 0.000000 -1.000000 
-0.806464 -0.021714 0.000000 -1.000000 
-0.827302 -0.020838 0.000000 -1.000000 
-0.847164 -0.019863 0.000000 -1.000000 
-0.865964 -0.018799 0.000000 -1.000000 
-0.883624 -0.017660 0.000000 -1.000000 
-0.900079 -0.016455 0.000000 -1.000000 
-0.915273 -0.015195 0.000000 -1.000000 
-0.929161 -0.013888 0.000000 -1.000000 
-0.941704 -0.012543 0.000000 -1.000000 
-0.952871 -0.011167 0.000000 -1.000000 
-0.962637 -0.009766 0.000000 -1.000000 
-0.970984 -0.008346 2.000000 -1.000000 
-0.975895 -0.004912 2.000000 -1.000000 
-0.977364 -0.001469 2.000000 -1.000000 
-0.975387 0.001977 2.000000 -1.000000 
-0.969968 0.005419 2.000000 -1.000000 
-0.961116 0.008852 2.000000 -1.000000 
-0.948847 0.012269 2.000000 -1.000000 
-0.933185 0.015661 2.000000 -1.000000 
-0.914169 0.019016 2.000000 -1.000000 
-0.891849 0.022320 2.000000 -1.000000 
-0.866295 0.025553 2.000000 -1.000000 
-0.837601 0.028694 2.000000 -1.000000 
-0.805885 0.031716 2.000000 -1.000000 
-0.771296 0.034589 2.000000 -1.000000 
-0.734016 0.037280 2.000000 -1.000000 
-0.694260 0.039756 2.000000 -1.000000 
-0.652279 0.041981 2.000000 -1.000000 
-0.608357 0.043922 2.000000 -1.000000 
-0.562806 0.045551 2.000000 -1.000000 
-0.515962 0.046844 2.000000 -1.000000 
-0.468175 0.047787 2.000000 -1.000000 
-0.419802 0.048373 2.000000 -1.000000 
-0.371195 0.048607 2.000000 -1.000000 
-0.322692 0.048504 2.000000 -1.000000 
-0.274605 0.048086 2.000000 -1.000000 
-0.227217 0.047388 2.000000 -1.000000 
-0.180771 0.046446 2.000000 -1.000000 
-0.135466 0.045305 2.000000 -1.000000 
-0.091457 0.044009 2.000000 -1.000000 
-0.048855 0.042602 2.000000 -1.000000 
-0.007726 0.041129 2.000000 -1.000000 
0.031904 0.039630 2.000000 -1.000000 
0.070045 0.038141 2.000000 -1.000000 
0.106742 0.036696 2.000000 -1.000000 
0.142065 0.035323 2.000000 -1.000000 
0.176112 0.034047 2.000000 -1.000000 
0.209000 0.032888 2.000000 -1.000000 
0.240863 0.031863 2.000000 -1.000000 
0.271851 0.030988 2.000000 -1.000000 
0.302125 0.030274 2.000000 -1.000000 
0.331858 0.029733 2.000000 -1.000000 
0.361231 0.029373 2.000000 -1.000000 
0.390434 0.029203 2.000000 -1.000000 
0.419664 0.029230 2.000000 -1.000000 
0.449127 0.029463 2.000000 -1.000000 
0.479037 0.029909 2.000000 -1.000000 
-0.441744 0.000000 0.000000 -1.000000 
-0.443352 -0.001608 0.000000 -1.000000 
-0.446556 -0.003204 0.000000 -1.000000 
-0.451333 -0.004776 0.000000 -1.000000 
-0.457647 -0.006314 0.000000 -1.000000 
-0.465452 -0.007806 0.000000 -1.000000 
-0.474692 -0.009240 0.000000 -1.000000 
-0.485297 -0.010605 0.000000 -1.000000 
-0.497189 -0.011892 0.000000 -1.000000 
-0.510278 -0.013090 0.000000 -1.000000 
-0.524468 -0.014189 0.000000 -1.000000 
-0.539651 -0.015183 0.000000 -1.000000 
-0.555713 -0.016063 0.000000 -1.000000 
-0.572535 -0.016822 0.000000 -1.000000 
-0.589992 -0.017456 0.000000 -1.000000 
-0.607953 -0.017962 0.000000 -1.000000 
-0.626289 -0.018336 0.000000 -1.000000 
-0.644867 -0.018578 0.000000 -1.000000 
-0.663555 -0.018688 0.000000 -1.000000 
-0.682224 -0.018669 0.000000 -1.000000 
-0.700748 -0.018524 0.000000 -1.000000 
-0.719005 -0.018257 0.000000 -1.000000 
-0.736878 -0.017874 0.000000 -1.000000 
-0.754260 -0.017381 0.000000 -1.000000 
-0.771046 -0.016786 0.000000 -1.000000 
-0.787141 -0.016096 0.000000 -1.000000 
-0.802460 -0.015319 0.000000 -1.000000 
-0.816923 -0.014463 0.000000 -1.000000 
-0.830460 -0.013536 0.000000 -1.000000 
-0.843006 -0.012546 0.000000 -1.000000 
-0.854507 -0.011501 0.000000 -1.000000 
-0.864914 -0.010407 0.000000 -1.000000 
-0.874186 -0.009272 0.000000 -1.000000 
-0.882287 -0.008101 0.000000 -1.000000 
-0.889187 -0.006901 0.000000 -1.000000 
-0.894864 -0.005676 0.000000 -1.000000 
-0.899297 -0.004433 0.000000 -1.000000 
-0.902472 -0.003175 2.000000 -1.000000 
-0.902379 0.000093 2.000000 -1.000000 
-0.899018 0.003361 2.000000 -1.000000 
-0.892400 0.006618 2.000000 -1.000000 
-0.882547 0.009853 2.000000 -1.000000 
-0.869493 0.013054 2.000000 -1.000000 
-0.853285 0.016207 2.000000 -1.000000 
-0.833989 0.019296 2.000000 -1.000000 
-0.811687 0.022302 2.000000 -1.000000 
-0.786484 0.025203 2.000000 -1.000000 
-0.758507 0.027977 2.000000 -1.000000 
-0.727911 0.030596 2.000000 -1.000000 
-0.694876 0.033035 2.000000 -1.000000 
-0.659613 0.035263 2.000000 -1.000000 
-0.622357 0.037255 2.000000 -1.000000 
-0.583372 0.038985 2.000000 -1.000000 
-0.542940 0.040431 2.000000 -1.000000 
-0.501364 0.041576 2.000000 -1.000000 
-0.458955 0.042410 2.000000 -1.000000 
-0.416027 0.042928 2.000000 -1.000000 
-0.372892 0.043135 2.000000 -1.000000 
-0.329849 0.043043 2.000000 -1.000000 
-0.287179 0.042670 2.000000 -1.000000 
-0.245137 0.042042 2.000000 -1.000000 
-0.203949 0.041188 2.000000 -1.000000 
-0.163807 0.040142 2.000000 -1.000000 
-0.124870 0.038937 2.000000 -1.000000 
-0.087259 0.037611 2.000000 -1.000000 
-0.051063 0.036196 2.000000 -1.000000 
-0.016338 0.034725 2.000000 -1.000000 
0.016890 0.033228 2.000000 -1.000000 
0.048622 0.031731 2.000000 -1.000000 
0.078880 0.030258 2.000000 -1.000000 
0.107707 0.028828 2.000000 -1.000000 
0.135164 0.027457 2.000000 -1.000000 
0.161324 0.026160 2.000000 -1.000000 
0.186271 0.024947 2.000000 -1.000000 
0.210098 0.023827 2.000000 -1.000000 
0.232906 0.022808 2.000000 -1.000000 
0.254799 0.021893 2.000000 -1.000000 
0.275888 0.021089 2.000000 -1.000000 
0.296285 0.020397 2.000000 -1.000000 
0.316107 0.019822 2.000000 -1.000000 
0.335471 0.019364 2.000000 -1.000000 
0.354498 0.019027 2.000000 -1.000000 
0.373310 0.018812 2.000000 -1.000000 
0.392033 0.018723 2.000000 -1.000000 
0.410794 0.018762 2.000000 -1.000000 
0.429726 0.018932 2.000000 -1.000000 
0.448963 0.019237 2.000000 -1.000000 
0.468644 0.019682 2.000000 -1.000000 
0.488916 0.020271 2.000000 -1.000000 
-0.558309 0.000000 2.000000 -1.000000 
-0.557049 0.001260 2.000000 -1.000000 
-0.554539 0.002510 2.000000 -1.000000 
-0.550797 0.003742 2.000000 -1.000000 
-0.545851 0.004946 2.000000 -1.000000 
-0.539738 0.006113 2.000000 -1.000000 
-0.532505 0.007234 2.000000 -1.000000 
-0.524204 0.008300 2.000000 -1.000000 
-0.514900 0.009305 2.000000 -1.000000 
-0.504660 0.010240 2.000000 -1.000000 
-0.493562 0.011098 2.000000 -1.000000 
-0.481690 0.011873 2.000000 -1.000000 
-0.469130 0.012559 2.000000 -1.000000 
-0.455978 0.013153 2.000000 -1.000000 
-0.442329 0.013649 2.000000 -1.000000 
-0.428284 0.014045 2.000000 -1.000000 
-0.413943 0.014340 2.000000 -1.000000 
-0.399411 0.014533 2.000000 -1.000000 
-0.384788 0.014622 1.000000 -1.000000 
-0.371177 0.013611 1.000000 -1.000000 
-0.358670 0.012508 0.000000 -1.000000 
-0.348349 0.010320 0.000000 -1.000000 
-0.340284 0.008066 0.000000 -1.000000 
-0.334524 0.005759 0.000000 -1.000000 
-0.331108 0.003416 0.000000 -1.000000 
-0.330057 0.001051 0.000000 -1.000000 
-0.331378 -0.001320 0.000000 -1.000000 
-0.335061 -0.003683 0.000000 -1.000000 
-0.341084 -0.006023 0.000000 -1.000000 
-0.349409 -0.008325 0.000000 -1.000000 
-0.359981 -0.010572 0.000000 -1.000000 
-0.372732 -0.012751 0.000000 -1.000000 
-0.387576 -0.014844 0.000000 -1.000000 
-0.404412 -0.016836 0.000000 -1.000000 
-0.423123 -0.018711 0.000000 -1.000000 
-0.443577 -0.020453 0.000000 -1.000000 
-0.465624 -0.022048 0.000000 -1.000000 
-0.489105 -0.023480 0.000000 -1.000000 
-0.513843 -0.024739 0.000000 -1.000000 
-0.539655 -0.025812 0.000000 -1.000000 
-0.566347 -0.026691 0.000000 -1.000000 
-0.593718 -0.027372 0.000000 -1.000000 
-0.621568 -0.027850 0.000000 -1.000000 
-0.649693 -0.028125 0.000000 -1.000000 
-0.677896 -0.028202 0.000000 -1.000000 
-0.705981 -0.028086 0.000000 -1.000000 
-0.733766 -0.027785 0.000000 -1.000000 
-0.761078 -0.027311 0.000000 -1.000000 
-0.787755 -0.026677 0.000000 -1.000000 
-0.813652 -0.025897 0.000000 -1.000000 
-0.838637 -0.024986 0.000000 -1.000000 
-0.862597 -0.023959 0.000000 -1.000000 
-0.885430 -0.022833 0.000000 -1.000000 
-0.907051 -0.021622 0.000000 -1.000000 
-0.927391 -0.020339 0.000000 -1.000000 
-0.946390 -0.018999 0.000000 -1.000000 
-0.964003 -0.017613 0.000000 -1.000000 
-0.980193 -0.016190 0.000000 -1.000000 
-0.994933 -0.014740 0.000000 -1.000000 
-1.008204 -0.013271 0.000000 -1.000000 
-1.019992 -0.011788 2.000000 -1.000000 
-1.028289 -0.008296 2.000000 -1.000000 
-1.033089 -0.004801 1.000000 -1.000000 
-1.035392 -0.002303 2.000000 -1.000000 
-1.034197 0.001196 2.000000 -1.000000 
-1.029503 0.004694 2.000000 -1.000000 
-1.021313 0.008190 2.000000 -1.000000 
-1.009630 0.011683 2.000000 -1.000000 
-0.994463 0.015167 2.000000 -1.000000 
-0.975827 0.018636 2.000000 -1.000000 
-0.953749 0.022079 2.000000 -1.000000 
-0.928268 0.025481 2.000000 -1.000000 
-0.899444 0.028824 2.000000 -1.000000 
-0.867362 0.032082 2.000000 -1.000000 
-0.832136 0.035227 2.000000 -1.000000 
-0.793911 0.038224 2.000000 -1.000000 
-0.752875 0.041037 2.000000 -1.000000 
-0.709251 0.043624 2.000000 -1.000000 
-0.663306 0.045945 2.000000 -1.000000 
-0.615343 0.047963 2.000000 -1.000000 
-0.565701 0.049642 2.000000 -1.000000 
-0.514744 0.050957 2.000000 -1.000000 
-0.462853 0.051891 2.000000 -1.000000 
-0.410416 0.052438 2.000000 -1.000000 
-0.357811 0.052605 2.000000 -1.000000 
-0.305399 0.052412 2.000000 -1.000000 
-0.253509 0.051890 2.000000 -1.000000 
-0.202430 0.051079 2.000000 -1.000000 
-0.152404 0.050026 2.000000 -1.000000 
-0.103621 0.048783 2.000000 -1.000000 
-0.056219 0.047402 2.000000 -1.000000 
-0.010281 0.045938 2.000000 -1.000000 
0.034158 0.044439 2.000000 -1.000000 
0.077110 0.042952 2.000000 -1.000000 
0.118629 0.041519 2.000000 -1.000000 
0.158805 0.040175 2.000000 -1.000000 
0.197758 0.038954 2.000000 -1.000000 
0.235639 0.037881 2.000000 -1.000000 
0.272620 0.036980 2.000000 -1.000000 
0.308890 0.036271 2.000000 -1.000000 
0.344660 0.035769 2.000000 -1.000000 
0.380151 0.035491 2.000000 -1.000000 
0.415599 0.035448 2.000000 -1.000000 
0.451251 0.035652 2.000000 -1.000000 
0.487364 0.036114 2.000000 -1.000000 
